Table 2 - Weekly Peak Load in Percent of Annual Peak

Week Peak Load Season

1     86.2   1
2     90.0   1
3     87.8   1
4     83.4   1
5     88.0   1
6     84.1   1
7     83.2   1
8     80.6   1
9     74.0   2
10    73.7   2
11    71.5   2
12    72.7   2
13    70.4   2
14    75.0   2
15    72.1   2
16    80.0   2
17    75.4   2
18    83.7   3
19    87.0   3
20    88.0   3
21    85.6   3
22    81.1   3
23    90.0   3
24    88.7   3
25    89.6   3
26    86.1   3
27    75.5   3
28    81.6   3
29    80.1   3
30    88.0   3
31    72.2   2
32    77.6   2
33    80.0   2
34    72.9   2
35    72.6   2
36    70.5   2
37    78.0   2
38    69.5   2
39    72.4   2
40    72.4   2
41    74.3   2
42    74.4   2
43    80.0   2
44    88.1   1
45    88.5   1
46    90.9   1
47    94.0   1
48    89.0   1
49    94.2   1
50    97.0   1
51   100.0   1
52    95.2   1
